$ANSIBLE_VAULT;1.1;AES256
66633664616463316663343436303864633863376539396561663664386537386538306533663766
6666336266313865623838326131346331663365643663320a383032363331386136396536373038
61386532366532303234326561363466373764343631366265313732336561616538646465646264
3364353366653937390a363339383930646466383133376161653438613135323765646331306664
38653065653639353534666262663966633331366535653964346463666462303963646139393564
31316266313631323238333862626335613534333431616265666163663538616237636633346565
34353732613166303533386639623737333462333138303664343236396564663464626463633536
39623731383666613364323336346366376233313566666535333436326135326532376634363837
38333938653064326236633230343232343233303962336639343337363930343936636436663335
39666536393038643130383666303330353039656131353130356439323638653733623737633965
30613665373134366139646533626361373564363262653630326364303566626132363330343031
61633537353839306239396638663764306536366266376330303431336631626339376232626332
61663161363632386431373536646365393562303736386231613061393535336638393766336531
61636331656433643565623137366161343134633263396235646336653738376536633534616265
34396135313663313339306335323130613733316535323663616365616662396638613634346239
35376234326661643731383936373763363966666638633235346537323335343630633862636334
37613434623138323738303132313663626132386138666666303034306639666365333333663561
65313463316662353335336565653137323137653339376165376566633039303362393932396531
38333264336532303466633332643733373539343731663338316136633636303131303233336663
39393437386539653335333638343237663565623532353832383839633338356530366462663866
33653839393238353235633936366461373133623335376162613362623933346162663264323433
36303038313333356666663161636534326565323163633035313164383631663463376361353066
63633535653937343366396139303436323531613838376238383364623531646565616536626463
37383430376465623638366136303963346536653837313233373965653061383330303665326639
64363635396530363661633334346265313335303664383730343632626632316635613265323766
35656537646432383232366337343732366238323638356330393736303339643834353836376164
34363266643161323166396237663633666433393334636437656534336336353537306630363263
32373661383033363562303630383738383937353433313436323139633265356438383063643566
65636430363337373738306661353066326664326332393361663564316565376463356431316265
62376330376162343062616465356530313532313831653833356166356233356164346334666366
32633836303332363566386366316666373331663135653563383337393232623835393535616261
66373330343264663736396332663832633131313533393066343265373337656563333832383964
38366530653764343638333237643830626131613231323135643931663732663266316261336136
66346666313332626264383930626165323466616262356633303261643466643062363138663530
37336136306634353832376131386561333236656339383838306635643639616537303134623630
39316265653663383663353131616262653938623263646563666538373334383634343637633831
38386464646530356333386630633230333261353263383131373163313036366462316535336539
37336434656264373736613961626365623865656334333161336536336463656638376164633265
66306262646139666665343866656362313535363238626336383263616234316339613765396362
39633733353861613632323136383862333361663736646361626333393263653537343038316439
31346133396363336265646461626530393839346365616230306237383233396631316437303563
61346135333565326663623863643538353464626563393537396630306464636133323438646435
37643366343934393136366437653030363063616233303664336463643633643961373763323566
39353339613561633734353564613136646432393735396261313863626436303534633131343361
30333563303937316335356666313236636432626665643064353062616139346361316439393334
36656239303866363365666462646263343462363030616664643338346532313861666431613135
36386462323236376335653865343537373663326665323166366331353764633065353233666164
35376131396466306263353230633630303630666636636238343036333833386532313864643435
61313563613830653563396630666361643136313663653663643235666534376464366232663339
38653331666561626235626133353364363037313631386136303263613166663839343865626339
36653035626232373438326330363262646265306538653535393165346339653236333162396663
33636537323765333164396164366565313362643430303264643361346435383039656335313132
37303461356463313233616432323637383038326132626366666131366532343365306462336461
37323064636466333261373836343035336232633532386164336232643532353631323636653339
38636631373334363231336266343835366661316463343738383232373637613261336132363161
37383730616636356437626264373339623437373433333366326263363264636233616264353561
32353430626265356533363931316535393539323839646266373134356435383937623964326530
34366433306361323064373132346639316361323839306265356634323662653163663130616237
61613564663165653236323666396366663537313638336134383933656665353638396362396165
36333662313465643963363164313131316332393031376534326636303739363166306163666230
61653264383561343130353062666562613839663833616665613630383337313239616130623130
32386561396266323566363436623434663833306563303964626663386239313463323036333564
32656635653332633266373866663061306438656632313030393638313636393834306537363132
62643635346238363434663937386331393630653932633139663935623035333832366562626439
62323634363562376464326265306239326239636130326263306330323362346661313435663237
37393162643263346333663734346237303035653734663638303363616237323434323132373865
64316134303538333263663062336365656339613763383632386537653235363835393735386465
34373733643864616336623065643961653365646630646237393835333466316561303736386131
36623931646265303734383834643330326561636266313665363733353730383831663334653465
65616137643564663538376166616430323662343136303935626139306532393632353238636334
36393737393332386336623166393639613631393463313132363538666162656634393539616635
36396334386334313866333833373037633764343566623665396133313365303438373265366366
37656638393266366535316163303364393739653737633137373265353837326665343864343539
32656638363434373231363536386363373438366635333333313262316461646436336530333835
37643665663837346537343964613233383737306662396631306536343965366230323461353961
63353339363965346665343530666332313839343764663562373138393434393139363936323137
64626162396332343632376465633737393465623139613332613663373765333264656262636561
64643766346433643630343537663436666337353132656138336237366331323239633838383539
39303738386531336534333134316266383066356237383538386461326165306561613339326139
31373932326262343566363965336462366238663034626137303230626666363434356134363238
31326464353137643362306266343934656163333531323763653434323730623162616566353436
35343761633331613566623634383938393233373032396331326236323731666464656663383430
63396563653739616563313438306264626230623132366662653630343736646166323462373431
37326235623933336131386166613463396437646565303732643962366363613731313136353834
35623437393561323238303639303638616161623634323533363364616366396639616639333634
30306335636434306534313861333231316533326663393065633735366132616463613065663837
31363533363962363833316262613563316465343830363337346637663765313634613061313466
37636566613464653134646163666431633863636230323365303465303665653832316431363836
32643738643162343438353731306464663263336237313733663037396334323139646162363033
63313735376237313163303236326237636465616463336138386339343938373336623033386333
38306566653966306238383531636131646531633631366238306536363833623739303361616431
39303365633034393962653237386361393630363235383631366365363232646565613537343562
39323066663964333461653361663133626638376336666663653439383136373464653761363738
66326231616330653538326435653332636434656639343537633166393235613432643835363262
32623538386637613865353437316264646637313235396335623430333839653933336134323337
32653432666635316639343435353266393237643834396464393036623836643436656137366435
36623639323061366234653961356566663035303766636337313132396266366531353736383931
37343932356439393830663865323163333333366562366639353535636365323731376136353463
30336432663834333534633762333033316336326333616231303865343964323438346132616264
37643761343639316239356439323939383566336331346266356536653038373763346332323665
33663336633063346132383530356433323261656666613965306231653665393337373962323062
39393965666630396134636264646231353331663066633666656133623066343031633333633362
37636132336333373030356138643162373066393665656236383162616438386134373036626131
61356563653232663637343432313437303634343731306664613139366164646630653739626533
61303831326231366635343666316534393139636161393438623830363464343934616433356166
31653664623536383932613633336439323331393230313362306234666432313336616462613430
64646639623766303336613634353932396236656134373638623364626230326139376533613063
33326161613234333232633636643265623962393932313537613434383032336537333836633963
38313666373937633039393533373734643135636664666662313663633766353234653765373764
39316361326531653435353861346137626334616165613665623864623434616330646530666166
34376330353337393666396337633536643634653837393464616531363364353037653332306634
61323263646163323237373735363230383939353530636366333261313866303963383166353932
38393031343562653966306634353463303832623130366236353463353361316537343433373737
32343465313830336164393338363039616161336336643964313264343836316662613131326665
35343263663634646136316230623939656535323338376633353030383066366437326637356534
66383838356132626435326366663261656234393437316265653064323133303731356131396435
61353566363861303834623765663238363933386137633830333763633062386238333862663931
32356166336236343463373863336137326165373436383664643636666663336237626338303938
39653936613165383634306236363466326535306662633638393631323733313831653063356438
35356338353938666131383433336261393663316630633663333130353230343336356433346662
31356238303462353730373239656663326133623630313733643633346638633631393530363230
38633836343966313437623561306235383838656238613338363635316163333663326338363632
62383733393835326237396633336361653631346637323865366234386261306663336161393532
64333062653932626136343264366336343833303463616561346561376266333034333761653962
65666261366530656664333438613663643363363961323739333465663533323666613732656166
64633563333931366331666264663131613835396264316231376435356563343765633935383734
39383832356233663765343631303031666364666437666331346166353963623531613165666635
33343434653338326237303436323865306130633033363761383635393564643065336534663036
61613032653639323130323233303332376139613034396462313235623939636265623530383332
63613861396239653366353639363432663864623133373334346537663561616165653430383162
66636234353431333935356231376535616135316661353931376338343831626266313037323165
35653535656231326232316166666565313463346666633838613564363530353562383163616334
66613437363830663161336539383437313563343764373034386336623534323239353436636630
31336362623762366666366463356535376438643337613562636530633532353635366236336436
33343935353936303336376464613831346137373361626230343636383163306264373865656364
35383837643765333135396334376330633435633534363239636437306466626235346638346138
37633335653236363336303632396265336432316461313235356237343461373362346632303365
38346538613234663761633237333139633563663766303730343430643534656539363536616362
38366166313338366465376236636462646432633565323464366165363761306264643832353765
63336562613232663564656137656235653034363366393661613562656264383236616463323237
34396237313136373964623139333638326162666337343463383830633931383261393661643261
36363336383932393332383936393738393238376531363365613130653363363331366562623762
36393432326339346539336431393933346538323566373436663731646338373030633466643937
66336434363862613730356638646531323530666561356136636163333061383161376134653438
34646237656536346531313065333636336262313662333438333463343232356232386566316661
37663161396233613736316663663165316464323164326139313364613938306632626531636431
64373235386562616566643561653831643663613639356363646239323865626636306233656630
35616434356433653432343665323764343166326635383831636335663633633664303661626365
35633562303035306165393431366633393036333036343735323032336462663339613166313239
64376539393266376466613433373739363732656132313831326461366363656138636366363164
36663932663636666232333662373366383436376236376361303163626137613936333937326135
34353863653864316162366361376332663037333231326233643463306461336434373963646231
35313530346638636439303135343764323231396361613437346163656439626535323965353330
35333738666262656434373039363364666635373530613132346536353661343337616566366366
64356166383935383036366661333566346433303533316133626464623164336639326662353138
66633665616665666134656334363866363562366566316337333466323635666637633935323331
62376564373632346364396262356631373838633461626333396639336433356630316562323533
62333864613330303335613333333634663834303936383966336564326237306337666661393563
33646362343033333030623839623934366364336362383838376664326430343834643734343537
37363761303366373332356163376134383966326633313263373531383064653966393834393834
61636265636463333361616638663966373931343564333933383337343836616531633862333638
66383736333236623638376539313536396365663365623030646530373533363161623663373366
33636165613636316135383131663061363237633834666565646361643030386439306531313964
37393639613831383632366664393030613233396161383938353435396630396133343764653433
31353863376364343636363465626636396161306234393162646231333539303062613239363030
31393833626439333830623765313334396661366466343666643233326137343065663062306633
38623033323363633232633130303434353832393136346331663036336130396264303963643062
30626637313133636334613835313166363565396131633633316637353061303135366339356162
63653032333934646166336131653562653565396165313532386436643062623161613062386632
36656264366236306635363866626562343530333664323966383263383839616132633564636638
33326535393132623465643639356233316531653063623866376139323061303964656365303636
34383761303937346231356334333164366230353739373463326666623239333631303933313438
61303835366634323966613830343033643430336463336565653039363162366439
