$ANSIBLE_VAULT;1.1;AES256
31343630623134393766386166623532616334393136313433333166663861383335386364626135
3761656266623061363334313061663136336663656136370a306339336363353464383061666431
64623131316466613835383934616134333236396265316231346330633661323739313663623636
3966613738303831300a343531643739663739346537316637343164653964646536393264306537
61343232663662363333323062666262636563613566316538316639646463336234613061396430
37386264613838656235313166623938313330326339373362363166326430363666613239626636
34363434613938343462386266356435373435396366666264316261326163356164393738363065
63386636646663646166306436353464373662623433613363366362646337323362376137366235
34303936343637396163306433343838356538366637616663386239353338326163373630613762
39353138643230653538306132626536306566646164633864666338326266616336646539306433
31356233393733636535303064306362386330393034343630643133303131613662616137346131
64356464343065656362623338613365626439336430656661623832626232613839666162393334
31323166623063373064383935376332363965366532636536373466613532363236613537376536
61633336653462306263363730623963303563383030646565396332326331653762613731393131
63363639306634653866373430396464373538373561323136333634663166396337646135333831
35346236656165626334373663613431386436366166643964383833313466653435616164386366
30666334366563383535653633346333306534353031333864303765613131313730386161396538
37623234623831346230396333326133653238303562616235636566356439333266346233383762
35623963613462333862623436313331613866613562323762373133633037356666326236336237
35653238333539343033303761323334303933636338326539636332623038393833353066303837
36643030333235313764343030303665316337666635393734643931393835656635333364666265
31346563656562356330626264653436663439356637373066363963303838623034323064626437
61303366366464313839326335613130396131636439343262653263346633353035393862373865
36343732393630353334346534356661626331393931326232393332613839633631333637356538
32656361343932623763633935373262386134396261623133336562353838613431366564323036
39643266663930333961386364646233386666633730633235373366393733653863623262626638
33656165373963353662363061376138393934363938363837333764343532653236636365663833
30653865616431326162653962386539353730333434373130653333643532386338313939376237
31373235376535636461666639623436623862393230663439653339386336333730636539653339
66376138306231643737303164383163323032383038613235373062356364623230663764663435
61313065643762626530313731346236323638316130663133343663663436386434623361303236
64666130633934653763356137623437366236343730393839386237333031343437353239646263
62373763353231633832323831376236323661373463313431323435346662343133653466653764
32613636313538373461646338633533333134646638316132393464633232373139633834633037
65613937653533643462376630656162613362663564626265646365653632303334613235393831
64633738356363373566313366383261363731353135303064626562356131303961636631623937
63326261323130363037666634303464353434323135633730366634613164333565303566373033
37636334393336623866643365353061633964363038633564376530623665396638306463353166
66303239643237646233636339353862633734383531636136336534346432616362633530386134
62383732383965613365383136343130333465346138626263663665393433336366626634396265
66303531333238316537623566323063343133386465616631623135396665333063336531326337
37623738623339356337363066633063393663313535643038316137393934313934356363393366
34346336626130656330353838643662353638306236303836656437643731363562643438333433
66383565383861366565643033663661313565653537646331323734386137653366613939613961
31376630356166323961663333623330343732633538393931353838643763646239313337363163
64366538343134323562306635363162616563336238323632373531323039323632303334316239
30643931306537386130353132643263393066363963386438633861333930623036396436303035
32636538626632616438326438643436363866333436626462656331316430383464313038646362
62653162636562303337366563326536326666653733376664663961313834396163666333333739
66306133653362313133346337396263666533613934323933336263363763663363613734663333
36383865306331303236353961363933346165306335663436366139666263653337396636613463
65623961363830303032653231353233346234383730346536363566333534343638336436333465
37666236326632376431633831653737353339363165386331373737353763366166383131393564
32636465383830366531376261326338626530303263643963636534313237333631323135633439
66353137663937396532393731653466313766646161366436373662633561663239366538323164
38323762393639396433306564366164636330663730363061363635353765306264303963386335
62616339643838663966643566656339346630373231333664633235386534386433666465623130
33666532353665396137623739366638616238303162653637636230613635353737633036666664
65623134316263353434373964356364316139363631666539353437313035303065313566643238
61386564636536386335383339313638613964326631383864306236303534653038396165333339
31646239663730623761636538623533666662316631626235623161333738376664653935386363
30323433613835613832616630653563656164653966353131393363653634396362613966373265
65383362616365393362306262343338326466343738363835356230656263653538666366313434
64653761326461393261666638396530663062313566303132626434316236626230333461663136
33353039353734623334383064383532663233646563376565326663313965666364366366323763
33326237353462643538363331306335343535616336646464633564376632313864363139393364
65343534333536366564346334323863643739386435636532313836383839393637393231346132
39313865313062633161333962626235373966613464326234623163613832323932393234326434
32363432626331623736316635313337366131356466393433623036306464333066316465303531
37623262313732323833393334666163346236356233643265393632626165383964326365643166
65383638323033626665323033623163343735353636666336653238613966633030396331383264
34613464643231643438666366363038393733663764356537363566643862393966366161313663
64346330333939623836626566313632646631306661326530346263663936326333613235383964
32356539663165663865326232373638626630313631363866356439656532386338663562353264
37643964383236313762346162343036306537386564656164343736336332626137393039303564
31393364303562623730323830366431326365653233656565313866633366386266653461356661
65316339333136656666323364323330353832636263636137343637303733356139373564613830
30613139373864356635643562323832343837376337363463356435303436616538336334383433
65306165376436363563643136363333623239366366616362643937343030336233363738306534
34663730616665626338356664336431626531353430333034366565353965633938626362353939
34366337633466376133386435386230323035353562373737613532626133616431666635396135
31393365353938363261336637353335613466613061646136653661316165313730306439346330
65343732653138353039363737613961636439343062313061653435356361663531626238663935
30323431653335363865383338626237316630643738373833636263316138633663626338666338
61343333636138373835633837363638633964646438376234646533346435616433366530346637
30663430306465373833376563643934303562656538613533343361643234613731353564663237
39626666366463613434643735343665386539626334653237653036633634303362353562656362
65346230303631396236336361303933643065633966316230323339323431646361333661303431
32323536656334323662666236346265336665363663646536666531633664386363393965626139
63623064633033343830343335326235343630373034313962373333613461646166613533616162
36363335353465373835373339623230326139353134313364363033366530636130383562373136
34653061663465653131333137653732666435316132386139613663633762316664366231613835
63313362646362323636646164346564353534323535356431336333643964613332313564653933
62386365383536626565666531313632393736336331633935363530323437323863323836373638
30636661356432343965333832313831386138653266666637303230373863643833333738303266
61633730633033643931346533326465656466323466366634356337653565366631313032613739
64633939653338303063343265323135613365653465336532316535666136353635356331613434
31373239396330373864643239633831366561646536393338313836316134373836613830306165
39643135303932343662323632383565333533343931333230663833353365666466623334363439
33656632646539666239613561663261653636616461623438616435313133313461363738363135
32383039306235333663613161313362343661643130343533623839616261616433663363356437
65333165353834343363643961393733373436633032613333333163646636613662653835643166
39383866623633336538373130316266383032303234353433303234313264346266383930336235
66333166623364336435663364386464653638336562383839343335623130666430303462383234
64623565383765306464336266396538303932356636656463653138303761646666653133373432
33366434313761613734326530363239393638343439343631643935626435383066666137643632
64373266373639646432383539383736616534313465663663643534363362613163313238643766
63646136346533363937313034616465336339323562346438303931373536623231366165346361
64373837323365313039366530653932393462643336333630663037666264646565393731353961
65373939346362396466383364663061643138373664366437656636663330613336326237313063
32363735646130636338326139373863313131623034646162303537313365623565623230383365
35316337376531353439376263346166313335613832366232646565613131613262333738356165
36393134336165383336353630323862316136393633313461646165633435346439303666346630
64336632346363363966383365623135393837316632306634373336393532323538393566373034
34616339323965353335313733626132656433303165646330333139323435373431626665373632
31656163353430613864393136343837633930656532346165326234303864303065313562323930
35623838653663343761666630626537656263626631366634613638313663643034323335383564
39303238393834333531343138363665353765323535653263333733323662643665316564666634
35323463323136363261613966636666326564313430643632383665383366376531333439323337
32623361386231323936363731373466353762386431656431623861396639303839343930386537
34656361316539323332306537303436373265663136383966373139343261326131616364376639
38663639623361323866336663633764393739383131666135333761383931633136336363373731
64373932376136636136376530383633613463666265623832616637343731383162613531373037
37623262336362323663653535646433653962356539333063306638646266343430626464316165
64336236656638643562646337666364333533666264316439363637666330623463636364396266
65363731633061346566646533663036666435383036663035613462643335643163333038373235
31323135363330346563383665353638353463636531663464346635346434643963646332343763
36336138633339336338353663336666373939373930373839393837643330643834653864613434
65313236386437363530646133353233336639326166353833353663326564323639386132343432
33623439373863366134353465306366326666343833386665643933373263636230333936313233
35333839386637383538653066316631626162376332636337653163613537623161336534613463
37366436633130356466316530326266363165356431376366613063323835373566346363636336
63333936396530663063363937633437396561666531653038663332383936316561363531383665
61353433623634353931326532383531656663306633396130633761356634316433333238626363
35643566616233623530323766663365373236333364333966616536353730626464363933303530
31346530343837383731363165363361343763626133363538333635373239636265386333613238
64656136636466623332656131623132386363643161643233343836356637656238653031363037
34363932643237663433353063653064303161623666646164643461323037303162303735346233
63373866386633653461613034633539646161323130393630313332313636326634633131613331
37353337623964383438353135326364633466626166643339363530373237326464636331366264
61386464393533363536663666653031626433333339313030336265343166316134336264323136
66333631376437326232346139363230363931376235656265303439356530323536316331613133
66376230303833626531306363353061626561396537376534323037666534646563646332656262
65396637383638333565636364396231623132646262663961623830393763316339633766306432
33343934616166623131626637643964336362356466653038313834396463373135303564653437
63656437623734666139623066373064636138303361373562313538343535396333393566316533
36313730376435613563383038666135626635636537323761393539323534373064613838616233
66323639376661396433383739616436623161306661663933346332336634643232636139326333
37626338323064353038333634386233626661653132343365376335386435613463366331336666
30316661633338303562333138343333343039333661366662366239643833306235333233316134
38333335343533643737323561353637303734393830363562336162373632333031303239666233
30353633633938313566663031346535653033363361623763303462366238623934316466383261
64663538363463626235313932313665653365613061386231363265363562363366383830656164
32643661643935323432613838666230616365386338353131343233666534353633396662346238
39643033333164356564656132343338303131393937326162393164356535383037366236656139
66343737373432346363313933393866306363373863623332366233363662303437666664643863
37383262326562356636333131303664613230393863663362646533366636633236386231623262
33643434366632393237303233306236666136656230306366303262656131363630323037313631
32323965653337346636373238643930336137623239653463636336613262383635366336343964
35316539356465396238636464623137316137663562313536333935613266393466343630393233
36333664633935636339383033333436373537353931616635643035353164346430336630396431
65343436623639663531353931663930616565353834636465396230663534653164326334386566
34333538383964633661346561613538306536636331303336306363636336386239643166373665
61623739343731313863393531376566366233356531643561633534316238313333623138613333
36386631386661303231653133353366373861323864343439303934383238643131313966373538
37366636363832636132303536386637643639363461356233316334663066653861643832363463
32616332323039383833363362316230316363326566393834396639636533356361343635643535
64666334336134393131653761343030373163656138623639373364663537633932323230343136
35346130313266396637333339373264656663306237313063653534393037353462336434613632
32313263666236376236633766623439383161383639343566663235393963386434663361613666
30643561356161393035616234373365373366313130613739343133623264373235643835646662
38623737396664393163613934303934313137633963363731323766383835316334373731636535
32663762656462326566616435616237386430396162373239336364316131303638
